[
	-3.0,
	-2.6587489900810692,
	-2.4161342988387475,
	-2.264727419744185,
	-2.1523150531924458,
	-2.061916500809462,
	-1.985770403181095,
	-1.9196512901579215,
	-1.8609934757527131,
	-1.8081173700571713,
	-1.759861027933534,
	-1.7153858398863604,
	-1.6740659078405433,
	-1.635421185213156,
	-1.599075077737334,
	-1.5647264713617988,
	-1.5321306563138775,
	-1.5010859460440247,
	-1.4714240601722341,
	-1.4430030649340349,
	-1.4157020938005065,
	-1.3894173338410674,
	-1.3640589292165477,
	-1.3395485605239752,
	-1.3158175298153945,
	-1.2928052291994159,
	-1.2704579040704025,
	-1.2487276452357363,
	-1.2275715607449569,
	-1.2069510901621883,
	-1.186831432755818,
	-1.1671810675447256,
	-1.1479713479806632,
	-1.1291761577077981,
	-1.1107716166367856,
	-1.0927358287257212,
	-1.0750486645349853,
	-1.0576915729347176,
	-1.0406474173786746,
	-1.023900332980639,
	-1.0074356012873078,
	-0.9912395401709251,
	-0.9752994066934374,
	-0.9596033111427213,
	-0.9441401407268762,
	-0.9288994916472708,
	-0.9138716084650049,
	-0.8990473298364314,
	-0.8844180398275973,
	-0.8699756241298118,
	-0.8557124305929719,
	-0.8416212335729143,
	-0.8276952016565048,
	-0.8139278683854605,
	-0.8003131056487289,
	-0.7868450994550048,
	-0.7735183278327806,
	-0.7603275406361331,
	-0.7472677410610284,
	-0.7343341686999184,
	-0.7215222839823433,
	-0.7088277538665883,
	-0.6962464386625679,
	-0.6837743798792988,
	-0.6714077890019015,
	-0.6591430371132063,
	-0.6469766452839717,
	-0.6349052756635891,
	-0.6229257232100878,
	-0.6110349080044066,
	-0.5992298680993446,
	-0.5875077528584393,
	-0.5758658167443257,
	-0.564301413519969,
	-0.5528119908295794,
	-0.5413950851290878,
	-0.5300483169387906,
	-0.5187693863932444,
	-0.5075560690656842,
	-0.4964062120462338,
	-0.4853177302549621,
	-0.47428860297245296,
	-0.46331687057200865,
	-0.4524006314389327,
	-0.44153803906351785,
	-0.4307272992954576,
	-0.41996666774837177,
	-0.40925444734403177,
	-0.39858898598667925,
	-0.38796867435857085,
	-0.37739194382855373,
	-0.36685726446608946,
	-0.356363143153701,
	-0.34590812179133795,
	-0.33549077558661017,
	-0.325109711425282,
	-0.3147635663168,
	-0.3044510059099964,
	-0.29417072307443515,
	-0.2839214365431728,
	-0.27370188961298336,
	-0.26351084889835513,
	-0.2533471031357998,
	-0.24320946203523303,
	-0.23309675517538272,
	-0.2230078309403668,
	-0.21294155549475025,
	-0.202896811794546,
	-0.19287249863176734,
	-0.18286752971027337,
	-0.17288083275076693,
	-0.162911348622918,
	-0.15295803050268666,
	-0.1430198430530152,
	-0.13309576162614312,
	-0.12318477148587945,
	-0.11328586704823572,
	-0.10339805113889408,
	-0.09352033426603737,
	-0.08365173390712909,
	-0.07379127380827269,
	-0.06393798329483016,
	-0.054090896592012425,
	-0.04424905215419239,
	-0.03441149200171745,
	-0.024577261064027627,
	-0.014745406527902915,
	-0.004914977189683497,
	0.004914977189683497,
	0.014745406527902915,
	0.024577261064027484,
	0.03441149200171731,
	0.04424905215419253,
	0.05409089659201256,
	0.06393798329483016,
	0.07379127380827269,
	0.08365173390712909,
	0.09352033426603737,
	0.10339805113889394,
	0.11328586704823558,
	0.12318477148587956,
	0.13309576162614326,
	0.1430198430530152,
	0.15295803050268666,
	0.162911348622918,
	0.17288083275076693,
	0.18286752971027323,
	0.1928724986317672,
	0.2028968117945461,
	0.21294155549475036,
	0.2230078309403668,
	0.23309675517538272,
	0.24320946203523303,
	0.2533471031357998,
	0.263510848898355,
	0.2737018896129832,
	0.283921436543173,
	0.29417072307443526,
	0.3044510059099964,
	0.3147635663168,
	0.325109711425282,
	0.33549077558661017,
	0.34590812179133773,
	0.35636314315370077,
	0.3668572644660895,
	0.3773919438285539,
	0.38796867435857085,
	0.39858898598667925,
	0.40925444734403177,
	0.41996666774837177,
	0.43072729929545744,
	0.4415380390635177,
	0.45240063143893283,
	0.46331687057200877,
	0.47428860297245296,
	0.4853177302549621,
	0.4964062120462338,
	0.5075560690656842,
	0.5187693863932443,
	0.5300483169387904,
	0.541395085129088,
	0.5528119908295798,
	0.564301413519969,
	0.5758658167443257,
	0.5875077528584393,
	0.5992298680993446,
	0.6110349080044065,
	0.6229257232100875,
	0.6349052756635893,
	0.6469766452839718,
	0.6591430371132063,
	0.6714077890019015,
	0.6837743798792988,
	0.6962464386625676,
	0.7088277538665883,
	0.7215222839823431,
	0.7343341686999187,
	0.7472677410610284,
	0.7603275406361331,
	0.7735183278327806,
	0.7868450994550048,
	0.8003131056487288,
	0.8139278683854604,
	0.8276952016565045,
	0.8416212335729144,
	0.855712430592972,
	0.8699756241298118,
	0.8844180398275973,
	0.8990473298364314,
	0.9138716084650049,
	0.9288994916472708,
	0.9441401407268761,
	0.9596033111427215,
	0.9752994066934374,
	0.9912395401709253,
	1.0074356012873078,
	1.023900332980639,
	1.0406474173786746,
	1.0576915729347172,
	1.075048664534985,
	1.0927358287257214,
	1.1107716166367858,
	1.1291761577077981,
	1.1479713479806632,
	1.1671810675447256,
	1.186831432755818,
	1.206951090162188,
	1.2275715607449567,
	1.2487276452357368,
	1.270457904070403,
	1.2928052291994159,
	1.3158175298153945,
	1.3395485605239748,
	1.3640589292165477,
	1.3894173338410674,
	1.4157020938005063,
	1.443003064934035,
	1.4714240601722344,
	1.5010859460440253,
	1.5321306563138775,
	1.5647264713617988,
	1.5990750777373337,
	1.6354211852131557,
	1.674065907840543,
	1.7153858398863604,
	1.759861027933534,
	1.8081173700571713,
	1.8609934757527131,
	1.9196512901579215,
	1.9857704031810948,
	2.0619165008094615,
	2.1523150531924444,
	2.264727419744186,
	2.416134298838749,
	2.6587489900810706,
	3.0,
]
